function qrsizes = myqr_listSize

% Based on the definition in standard:
% * ISO/IEC 18004:2015 Tables 7 and 9.

% Defines total and data symbols for each EC level.
qrsizes = [ ...
      26   19   16   13    9;
      44   34   28   22   16;
      70   55   44   34   26;
     100   80   64   48   36;
     134  108   86   62   46;
     172  136  108   76   60;
     196  156  124   88   66;
     242  194  154  110   86;
     292  232  182  132  100;
     346  274  216  154  122;
     
     404  324  254  180  140;
     466  370  290  206  158;
     532  428  334  244  180;
     581  461  365  261  197;
     655  523  415  295  223;
     733  589  453  325  253;
     815  647  507  367  283;
     901  721  563  397  313;
     991  795  627  445  341;
    1085  861  669  485  385;
    
    1156  932  714  512  406;
    1258 1006  782  568  442;
    1364 1094  860  614  464;
    1474 1174  914  664  514;
    1588 1276 1000  718  538;
    1706 1370 1062  754  596;
    1828 1468 1128  808  628;
    1921 1531 1193  871  661;
    2051 1631 1267  911  701;
    2185 1765 1373  985  745;
    
    2323 1843 1455 1033  793;
    2465 1955 1541 1115  845;
    2611 2071 1631 1171  901;
    2761 2191 1725 1231  961;
    2876 2306 1812 1286  986;
    3034 2434 1914 1354 1054;
    3196 2566 1992 1426 1096;
    3362 2702 2102 1502 1142;
    3532 2812 2216 1582 1222;
    3706 2956 2334 1666 1276 ];
